
54051380 18130440
54053990 18132920 
54056440 18134910 
54057560 18135950 
54060550 18138440 
54064014 18141302 
54072380 18148440 
54075760 18151690 

54078135 18154543 
54078549 18154717 
54079054 18154483 
54080480 18153520 


54080480 18153520
54081340 18152070 
54082080 18150000 
54082100 18149940 
54083760 18148650 
54086030 18148120 
54087640 18147170 
54091580 18144210 

54092480 18143500 
54095870 18140900 
54097610 18138820 
54100790 18133910 


54100790 18133910
54099870 18133430 


54099870 18133430
54101240 18131850 


54101240 18131850
54102770 18130080 
54104070 18130030 
54112020 18129820 
54118810 18135280 


54118810 18135280
54119200 18134530 
54119500 18134340 


54119500 18134340
54120400 18134110 
54124280 18134370 
54131270 18134470 
54133540 18134320 
54134750 18134230 
54141630 18133820 


54141630 18133820
54141362 18132040 
54141387 18130697 
54141561 18129677 
54142190 18129187 
54143790 18129806 
54144344 18129831 
54145750 18127696 

54146540 18127130 


54146540 18127130
54149080 18125500 
54150200 18123680 
54150340 18122770 
54149960 18119630 
54149240 18117800 
54148810 18115600 


54148810 18115600
54148410 18114090 
54148620 18111770 


54148620 18111770
54149400 18111310 
54152150 18111740 
54153460 18111950 
54155850 18111940 
54158950 18111220 
54160710 18110490 
54165810 18107520 

54170330 18104970 
54175470 18102900 
54177090 18102670 
54178850 18103010 
54180450 18103630 
54181420 18104310 


54181420 18104310
54182800 18104090 
54183950 18102840 
54184380 18100390 
54184700 18099140 
54186880 18096180 
54187780 18095880 
54190750 18097130 

54192600 18097310 
54194930 18094830 
54196080 18093080 
54197950 18091860 


54197950 18091860
54202190 18089910 
54206650 18088800 
54214050 18088720 
54215670 18089130 
54216990 18093380 
54224570 18097690 
54227790 18097730 



54227790 18097730
54228700 18099040 
54229290 18100200 


54229290 18100200
54230190 18100660 
54234060 18103180 
54236460 18104910 
54240690 18109710 
54241360 18109940 


54241360 18109940
54241690 18109170 
54242270 18108440 
54243160 18107800 
54244160 18107360 
54245990 18106840 
54248810 18106260 
54252330 18105980 

54253320 18106380 


54253320 18106380
54254740 18107530 
54256650 18109540 
54257740 18110750 
54260000 18112350 
54263480 18113910 
54266200 18115820 
54274300 18120540 

54275090 18120890 
54279240 18123590 
54282820 18126850 
54286460 18130350 
54291200 18134470 
54293490 18135770 
54295410 18136070 
54296890 18136170 



54296890 18136170
54299540 18136360 
54301020 18136830 
54301790 18137710 


54301790 18137710
54303270 18137850 
54304440 18138270 
54305640 18139970 
54307920 18142570 
54310070 18143770 
54311040 18144750 
54311440 18146630 

54312220 18148150 
54313560 18150000 
54314560 18151370 
54317100 18153580 
54318470 18154050 


54318470 18154050
54319380 18153850 
54322900 18150000 
54329350 18142950 
54330850 18141120 
54334490 18137450 


54334490 18137450
54334540 18136170 


54334540 18136170
54334740 18130220 
54334890 18128280 
54335030 18127890 
54336210 18125880 
54338360 18124180 
54339830 18123550 
54341950 18123410 

54344270 18123710 
54346160 18124460 
54358340 18132740 
54358730 18132980 


54358730 18132980
54361230 18134540 
54364480 18135940 


54364480 18135940
54365050 18136080 
54367660 18136190 
54377290 18133730 
54385390 18131470 
54388360 18130930 
54391850 18130720 
54398890 18131150 

54405390 18131820 
54407190 18132030 


54407190 18132030
54407550 18132070 
54412100 18132220 
54413650 18131920 


54413650 18131920
54416640 18132510 
54423720 18131840 
54426250 18132080 
54427670 18132350 
54432070 18134260 
54436720 18136360 
54437730 18136860 

54440080 18137770 
54445780 18139040 


54445780 18139040
54447960 18139120 
54456220 18140090 
54457940 18140120 
54461260 18140780 
54467480 18142790 
54480750 18148270 
54484770 18149740 

54485270 18150000 
54487720 18151260 
54489590 18151400 


54489590 18151400
54495890 18156370 
54496220 18156550 


54496220 18156550
54498080 18157560 


54498080 18157560
54500680 18157900 
54502290 18157470 
54504270 18155880 
54505250 18153550 
54506020 18150000 
54508140 18140280 
54508380 18138300 



54508380 18138300
54508670 18137470 
54509320 18136820 
54511200 18135050 


54511200 18135050
54514250 18132180 
54515200 18130970 
54515790 18129680 
54516860 18123940 
54517030 18123120 


54517030 18123120
54520320 18124040 
54521790 18124290 
54524670 18124690 
54526020 18125170 


54526020 18125170
54526420 18124270 
54527090 18121680 


54527090 18121680
54527190 18121290 
54528120 18119720 
54531320 18115370 


54531320 18115370
54533390 18113290 
54539150 18107260 


54539150 18107260
54539940 18106440 
54541330 18105080 


54541330 18105080
54543200 18103250 


54543200 18103250
54544580 18101630 
54544586 18101557 


54544586 18101557
54544660 18100630 
54543460 18099180 
54541560 18097100 
54540930 18095380 
54541230 18093580 
54542680 18091380 
54544330 18089830 

54544971 18089506 


54544971 18089506
54546510 18088730 
54548430 18088480 
54557760 18088650 
54560560 18088450 
54564210 18087500 
54567930 18085700 
54571960 18083200 



54571960 18083200
54573760 18082050 
54575180 18081280 
54576230 18080030 
54578110 18081550 
54578730 18079170 
54579260 18078950 
54580210 18079720 

54581430 18080530 
54582580 18076650 
54583010 18076300 
54583660 18077170 
54584980 18079420 
54586610 18081650 
54588110 18082950 
54589730 18083150 

54591680 18081430 
54592700 18079970 


54592700 18079970
54593020 18078250 
54592770 18076300 
54591720 18073270 
54591840 18071450 
54592790 18070620 
54597820 18067920 
54600050 18066480 



54600050 18066480
54599780 18066080 
54593580 18051510 
54592852 18049719 


54592852 18049719
54590900 18044920 
54586738 18035180 


54586738 18035180
54586520 18034670 
54583930 18028170 
54582490 18023310 
54580520 18015280 
54580150 18011560 
54580000 18008030 


54580000 18008030
54578710 17978200 
54578740 17973560 
54579100 17968930 
54579200 17967180 


54579200 17967180
54580170 17966450 
54581320 17964800 
54583440 17960950 
54585420 17957950 
54586320 17956270 
54587590 17952170 
54588370 17948550 

54589140 17943450 
54589520 17939700 


54589520 17939700
54588190 17934690 
54587540 17931080 
54587460 17928810 
54587380 17927860 


54587380 17927860
54587070 17924250 
54585880 17919070 
54585340 17914570 
54585090 17907700 
54584950 17905110 


54584950 17905110
54602630 17892760 
54604980 17891200 
54615180 17883910 
54617000 17882740 
54618440 17881500 


54618440 17881500
54616630 17878650 
54612880 17872850 


54612880 17872850
54622510 17863780 


54622510 17863780
54638160 17849170 


54638160 17849170
54648660 17839220 
54651750 17836360 
54656210 17832090 
54660860 17827770 
54665910 17822890 


54665910 17822890
54665380 17822220 


54665380 17822220
54664780 17821250 
54663570 17819040 
54662410 17816360 


54662410 17816360
54664640 17813630 
54668680 17808970 
54668930 17807610 
54667400 17801960 
54667320 17799650 
54667800 17797660 
54667860 17796350 

54666990 17792710 


54666990 17792710
54666130 17789690 
54665490 17787670 
54665400 17786230 
54665460 17784240 
54664520 17780960 
54664080 17780010 
54663410 17775700 

54662460 17771830 
54661030 17767350 
54659580 17760450 
54659630 17753170 
54658900 17748930 
54657580 17744480 
54655070 17737810 
54654610 17734830 

54654700 17733350 
54655700 17730860 
54656480 17728450 
54657130 17726510 
54656970 17724100 


54656970 17724100
54659400 17724900 
54661680 17724800 
54664310 17723920 
54671100 17721290 


54671100 17721290
54682460 17716880 
54685800 17715220 
54689290 17713490 
54693690 17711330 
54696760 17709750 


54696760 17709750
54701350 17707400 
54702500 17706890 
54703050 17706790 
54704330 17706800 


54704330 17706800
54708030 17707890 
54709800 17708570 
54714200 17709720 
54715340 17709900 


54715340 17709900
54717140 17710180 
54717670 17709960 


54717670 17709960
54720040 17707900 
54722270 17706100 
54724410 17704330 
54728700 17700820 
54735420 17695220 
54739030 17692080 


54739030 17692080
54745190 17697830 


54745190 17697830
54747120 17695300 
54757290 17681370 
54770610 17662990 
54770980 17662420 


54770980 17662420
54771260 17661990 
54776550 17654720 
54779900 17649920 
54783710 17644650 


54783710 17644650
54800890 17647260 
54803610 17647190 
54805220 17646870 


54805220 17646870
54807170 17646480 
54810430 17645080 
54811520 17644460 
54814440 17642850 


54814440 17642850
54817910 17640930 


54817910 17640930
54829330 17634620 
54832410 17633120 


54832410 17633120
54835070 17631820 
54839220 17630550 
54842690 17630120 
54844170 17630240 
54846020 17630780 


54846020 17630780
54846710 17629220 
54847030 17627480 
54847450 17621360 
54846750 17614450 


54846750 17614450
54848020 17607720 
54848560 17604140 
54847960 17598120 
54848050 17596180 
54848590 17594870 


54848590 17594870
54848940 17594010 
54850010 17592810 
54850870 17592320 


54850870 17592320
54851510 17591960 
54867420 17584460 
54869840 17582690 
54870250 17582390 
54883780 17567010 


54883780 17567010
54889180 17560870 
54889890 17559740 


54889890 17559740
54890420 17558800 
54891420 17556540 
54892140 17554150 
54892860 17551680 
54894010 17547320 
54894080 17547010 


54894080 17547010
54890380 17538980 


54890380 17538980
54888090 17533950 


54888090 17533950
54887740 17533070 
54884700 17526710 
54882410 17522280 
54881780 17521500 
54879120 17517660 
54878290 17516430 
54876300 17512960 

54875020 17511090 
54873760 17508780 
54872030 17505790 
54871250 17504300 
54869980 17501430 
54868600 17498810 
54867880 17497250 


54867880 17497250
54866250 17493700 
54863610 17487930 
54862680 17485600 
54862300 17483590 
54862120 17480130 
54862120 17474750 
54862100 17466200 

54861890 17450310 
54861560 17447260 
54860950 17445070 
54860270 17442620 


54860270 17442620
54865730 17435840 
54868160 17433170 
54869950 17430850 
54872300 17428090 
54875920 17423650 


54875920 17423650
54884860 17411290 
54886420 17408750 


54886420 17408750
54885780 17406500 
54883630 17401080 
54879600 17392000 
54877790 17388810 
54874260 17383070 
54872910 17381410 
54872310 17380810 



54872310 17380810
54865930 17374510 
54865200 17373990 
54863710 17371780 


54863710 17371780
54862080 17371140 
54857250 17368000 
54855850 17366440 


54855850 17366440
54857290 17363550 
54860610 17356030 
54861340 17354630 
54863280 17350690 
54865530 17346820 
54867660 17343240 
54868530 17341260 

54868810 17339200 
54868520 17336240 


54868520 17336240
54868890 17336610 
54870910 17339100 
54872890 17341350 
54875130 17342970 
54877250 17343570 
54880570 17344060 
54881700 17344140 

54884310 17344510 
54889850 17345050 
54893270 17345030 
54895950 17344260 


54895950 17344260
54895690 17338110 
54895630 17333730 
54896250 17329850 
54897440 17324980 
54898170 17322900 
54899310 17320370 
54901390 17317300 

54902790 17315570 
54904800 17313690 

54904800 17313690
54893060 17301620 
54892090 17300350 
54890790 17299290 
54885450 17293680 
54884500 17292620 


54884500 17292620
54883840 17291890 
54873970 17274430 
54870090 17267270 


54870090 17267270
54869420 17266040 
54867400 17262590 
54862910 17254510 


54862910 17254510
54859470 17248330 
54854630 17239610 
54851970 17234660 
54849400 17230090 
54845720 17223770 
54844520 17221750 


54844520 17221750
54856180 17216120 
54859320 17214570 


54859320 17214570
54850990 17200690 
54848910 17197430 
54846840 17193810 
54845690 17191890 


54845690 17191890
54848750 17189920 
54850820 17188700 
54851500 17188210 
54861400 17181850 
54863980 17180210 
54866540 17178540 
54873860 17173890 



54873860 17173890
54875960 17172140 
54878660 17169740 
54882190 17166390 
54882190 17166040 


54882190 17166040
54882170 17164490 
54881440 17162720 
54877010 17156880 
54876750 17156060 
54875770 17154820 
54873960 17151590 
54873760 17150470 



54873760 17150470
54872760 17149910 
54872270 17149510 
54855610 17131500 
54848490 17123610 
54848390 17122580 
54849870 17119270 
54854200 17111840 

54855780 17109710 
54858430 17105390 
54861370 17100300 
54862350 17097950 
54862340 17097670 


54862340 17097670
54862220 17093960 
54862600 17091580 
54863140 17085210 
54863210 17080440 
54863060 17079160 
54863170 17076820 
54863460 17075050 



54863460 17075050
54862440 17074530 
54861510 17073550 
54857620 17068530 
54855120 17065500 
54853680 17063920 
54851690 17062160 
54848430 17059400 

54846440 17057570 
54843700 17054490 
54841590 17051180 
54841040 17050000 
54840610 17049080 


54840610 17049080
54840290 17048400 
54836390 17036400 
54835460 17033380 
54834670 17030630 


54834670 17030630
54833240 17025660 
54830950 17017540 


54830950 17017540
54830360 17015430 
54829010 17012380 
54827010 17008180 
54826290 17006730 


54826290 17006730
54825810 17005130 
54825560 17003440 


54825560 17003440
54826030 17003120 
54827720 17001940 


54827720 17001940
54826470 17000000 
54826370 16999750 
54825340 16997960 
54824010 16995750 
54822930 16993610 
54821760 16991660 
54820750 16989920 

54819830 16987910 
54818910 16985550 
54818350 16983310 
54817730 16982520 


54817730 16982520
54817480 16982210 
54816000 16981560 
54813550 16980770 
54811230 16980430 
54808850 16980150 
54806610 16979880 
54804110 16979460 

54801450 16979180 
54799480 16978940 
54798470 16978780 
54796010 16978400 
54795100 16978330 
54792860 16978100 
54790860 16977900 
54788510 16977420 

54783930 16976900 
54778710 16976110 


54778710 16976110
54783160 16969540 
54786680 16964320 
54788310 16962000 
54788130 16959940 
54786930 16956120 
54784860 16953170 
54782960 16950800 

54782840 16950000 
54782730 16949220 
54783380 16947790 
54784450 16945880 


54784450 16945880
54783610 16945420 
54777740 16943520 
54772670 16943660 
54770670 16944580 

54770670 16944580
54769960 16944900 
54765430 16950000 
54753380 16963570 
54752870 16964290 


54752870 16964290
54749630 16961720 
54742600 16955570 
54737220 16950730 
54736350 16950000 
54736200 16949870 


54736200 16949870
54736210 16950000 
54736680 16957790 
54736460 16958640 


54736460 16958640
54734980 16960190 
54733045 16960994 
54732260 16961320 
54728860 16961020 
54726210 16959620 
54723118 16957054 


54723118 16957054
54723171 16958528 
54723480 16962860 


54723480 16962860
54724150 16964310 
54725650 16965780 
54729920 16968870 
54731192 16970308 
54731300 16970430 
54732520 16972340 
54737870 16988020 

54738230 16988740 
54738970 16991010 
54741570 16998410 
54742360 17000000 


54742360 17000000
54741350 16999750 
54740000 16999800 
54739380 17000000 
54736150 17001340 
54732620 17003690 
54727370 17007710 
54726300 17008850 



54726300 17008850
54726790 17013710 
54727120 17016960 
54727520 17018590 
54728750 17021310 
54728950 17021700 


54728950 17021700
54723100 17023350 
54719400 17024030 
54716450 17025380 
54714930 17026850 
54711170 17030170 
54709500 17031800 
54707750 17033080 

54705230 17034380 


54705230 17034380
54704430 17031520 
54703910 17030190 
54703370 17029800 


54703370 17029800
54699810 17031800 
54697700 17033220 
54696180 17034210 
54690660 17037350 
54685760 17040090 
54683610 17041200 


54683610 17041200
54676230 17042310 
54673720 17042490 
54667130 17043090 


54667130 17043090
54662720 17043220 
54653720 17043170 
54650470 17042970 
54648310 17047270 
54647220 17050000 
54646270 17052370 
54645530 17053870 



54645530 17053870
54645570 17057010 
54645780 17062170 
54646050 17066890 
54646210 17069120 
54646070 17071540 
54645900 17072410 


54645900 17072410
54644890 17074670 
54643270 17077670 
54642400 17079000 
54642060 17079890 
54642690 17082640 
54643480 17085190 
54645790 17089970 

54650070 17096700 
54650910 17097590 


54650910 17097590
54645810 17100630 
54642190 17102740 


54642190 17102740
54637990 17105200 
54634900 17107600 
54632510 17109960 


54632510 17109960
54630940 17111510 
54629860 17112730 
54629350 17113050 


54629350 17113050
54627570 17114800 
54623630 17118700 
54621720 17119790 


54621720 17119790
54616640 17120800 


54616640 17120800
54615460 17120810 
54613890 17120830 
54611270 17120550 
54609670 17120750 
54609080 17121220 


54609080 17121220
54608320 17121830 
54606360 17122050 


54606360 17122050
54605220 17121800 
54601630 17120040 
54600480 17119340 


54600480 17119340
54596603 17124160 


54596603 17124160
54595920 17125010 
54594830 17125810 
54579620 17133110 
54576460 17134290 
54571810 17135300 


54571810 17135300
54570640 17135060 
54565900 17136160 
54559670 17137800 
54553200 17139420 
54551160 17140500 
54550630 17140820 
54547460 17143660 

54546910 17144240 
54546370 17144640 
54543410 17146210 
54540850 17146450 
54538270 17145920 


54538270 17145920
54537730 17146500 
54537250 17147930 
54538320 17151790 
54538710 17152730 
54539300 17156150 
54539230 17158400 
54538640 17160060 

54538120 17161320 
54536470 17162920 
54533480 17163810 
54532300 17164570 
54531390 17166290 
54530600 17167430 
54528860 17168460 
54526920 17168330 

54524940 17167820 
54522900 17167990 
54520410 17169530 


54520410 17169530
54518540 17170700 
54517840 17171280 
54516910 17171720 
54513010 17172980 
54511930 17173610 
54508399 17177553 


54508399 17177553
54507605 17178556 
54503261 17181476 
54502460 17182010 
54502013 17182430 
54499081 17185184 
54495660 17187380 


54495660 17187380
54495780 17186780 
54496810 17184330 
54496760 17183730 
54496130 17183580 
54494610 17184560 
54492310 17186330 
54490380 17187380 

54489280 17187730 
54487200 17188030 


54487200 17188030
54483610 17188540 


54483610 17188540
54481720 17188690 


54481720 17188690
54480460 17188790 
54479240 17189520 
54477260 17191700 
54475930 17192170 
54474150 17192350 


54474150 17192350
54474060 17192730 
54473620 17195850 
54473500 17198100 
54473730 17200600 
54474800 17206960 
54476900 17210310 
54476960 17211370 

54476590 17212240 


54476590 17212240
54477350 17212950 
54479110 17214650 
54481020 17215880 
54481440 17216040 
54483880 17216500 
54487330 17217000 
54488470 17217320 

54490030 17218850 
54490330 17221100 
54489700 17222650 
54479740 17233650 
54479060 17235300 


54479060 17235300
54479110 17235870 


54479110 17235870
54479140 17236300 
54481060 17239770 


54481060 17239770
54481930 17241340 
54482200 17241790 


54482200 17241790
54482370 17242070 


54482370 17242070
54482630 17242510 
54482850 17243480 


54482850 17243480
54478930 17244630 
54476110 17247450 
54473980 17248630 
54470330 17250230 
54466300 17252250 
54464650 17252680 
54463200 17252850 

54462130 17252480 
54460750 17251380 
54459880 17251400 
54459350 17251930 
54459230 17252930 
54458880 17259750 
54459280 17263450 
54460080 17267850 

54460230 17270880 
54461150 17272900 
54462650 17275100 
54465250 17278330 
54466480 17280430 
54467380 17282750 
54467550 17285030 
54467200 17287550 

54466430 17289880 
54466440 17290750 
54467390 17293210 
54469270 17297810 
54469650 17300560 
54469670 17304220 
54470010 17308330 
54468990 17311790 

54465300 17316720 
54464850 17316993 


54464850 17316993
54463460 17315850 
54462000 17315230 
54459520 17314210 
54456468 17313461 
54455560 17313540 
54454310 17313492 


54454310 17313492
54453970 17311480 


54453970 17311480
54453540 17309091 


54453540 17309091
54451180 17308410 
54450400 17308300 
54446540 17307050 
54443270 17306760 
54440980 17307620 
54440160 17308180 
54438780 17310050 

54436990 17314180 
54436380 17315980 


54436380 17315980
54435940 17317120 
54435870 17318230 
54436290 17319370 
54437230 17321300 
54437540 17322150 
54437490 17323000 
54437170 17324000 

54436490 17325370 
54435740 17326550 
54434320 17328480 


54434320 17328480
54432890 17330590 


54432890 17330590
54431330 17332870 
54430690 17333980 


54430690 17333980
54429390 17337700 
54428990 17338550 
54428390 17339120 
54426710 17340120 


54426710 17340120
54424370 17341580 


54424370 17341580
54422650 17342650 
54421050 17344070 
54419770 17345570 
54417490 17348540 
54415990 17351350 
54415030 17353650 
54414790 17355360 

54415190 17356520 


54415190 17356520
54415330 17356910 
54416290 17358750 
54416710 17360950 
54416740 17363540 
54416600 17366960 
54416320 17379200 
54416010 17383400 

54416840 17387750 
54417170 17388770 
54417450 17390460 
54418020 17392320 
54418490 17394330 
54419800 17398520 
54420930 17401040 
54422480 17403760 

54423940 17406750 
54424380 17408250 
54424250 17409720 
54423700 17412090 
54422950 17413570 
54422590 17414210 
54420120 17416530 
54415420 17419790 

54414500 17420840 


54414500 17420840
54414050 17421360 


54414050 17421360
54412500 17423420 


54412500 17423420
54411210 17424480 
54406580 17425890 
54403980 17426920 
54402470 17427730 
54400600 17428990 
54399540 17429840 
54398900 17430560 

54397910 17431860 


54397910 17431860
54393570 17437560 
54391821 17440961 


54391821 17440961
54393680 17444060 
54393560 17447790 
54391820 17451920 
54388760 17455000 
54388140 17456510 
54388210 17458890 
54390140 17461390 

54391520 17463510 
54393080 17465890 
54393640 17467640 
54394190 17469666 


54394190 17469666
54393680 17474980 
54393720 17478060 
54394470 17480150 
54396350 17482260 
54399760 17485500 
54400711 17487092 


54400711 17487092
54398400 17487960 
54397890 17488290 
54394130 17491140 
54393610 17491460 


54393610 17491460
54391690 17492630 


54391690 17492630
54389820 17493490 


54389820 17493490
54390430 17495390 
54390730 17496820 
54390800 17501980 
54390850 17504420 
54391440 17507520 
54391890 17509360 
54393140 17520490 



54393140 17520490
54392060 17524880 
54390610 17528990 
54388780 17533430 
54387630 17535390 
54385900 17537450 
54384790 17538340 
54381660 17538550 



54381660 17538550
54381960 17540580 
54383960 17544440 
54385000 17545920 
54386770 17549530 
54387250 17552450 
54386790 17554240 
54385370 17556290 

54381540 17562850 
54380830 17563670 
54378510 17564270 
54377410 17563930 
54376270 17562970 
54375540 17562140 


54375540 17562140
54374090 17560470 


54374090 17560470
54373540 17559840 


54373540 17559840
54372188 17558279 
54368864 17556278 
54367007 17554674 
54365789 17553421 
54364672 17552775 
54362790 17552160 
54361890 17551817 



54361890 17551817
54360944 17551291 
54360150 17550420 
54359570 17549470 
54358660 17548450 
54356320 17547660 
54355670 17547610 
54350120 17547790 

54344110 17547900 
54341360 17547960 
54326850 17548220 
54324490 17548270 
54316960 17548310 
54314600 17548600 


54314600 17548600
54296640 17550210 
54275770 17552040 
54273900 17552270 
54271650 17552450 
54268070 17552770 


54268070 17552770
54268550 17554320 
54269520 17557640 
54269620 17560080 
54269030 17566820 
54268980 17568420 
54269100 17569800 
54269330 17571050 

54271380 17576770 
54271810 17577560 


54271810 17577560
54245870 17583630 


54245870 17583630
54246090 17584990 
54246140 17587640 
54245550 17590480 
54244990 17592300 


54244990 17592300
54244560 17593730 
54244540 17594280 


54244540 17594280
54244520 17594890 
54245420 17603520 
54249550 17615530 
54249990 17616840 
54250550 17618540 


54250550 17618540
54248000 17620360 
54238040 17627100 
54237020 17627880 
54234670 17629350 
54227770 17634130 


54227770 17634130
54215970 17641810 


54215970 17641810
54216440 17643090 
54218390 17646590 
54222040 17653490 
54227720 17664430 


54227720 17664430
54228140 17665240 
54231730 17671530 
54238610 17683870 
54239010 17684800 
54240190 17687040 


54240190 17687040
54236302 17689228 
54234546 17689899 
54232842 17690054 
54231087 17689745 
54230054 17688970 
54228918 17687369 
54227420 17684271 

54226594 17683084 
54225613 17683032 
54223238 17683652 
54222074 17683947 


54222074 17683947
54218710 17684880 
54211930 17684670 
54207990 17684280 
54203810 17684170 
54200250 17681940 


54200250 17681940
54199100 17685800 
54198070 17688130 
54197290 17691470 
54196560 17692870 
54195440 17695490 
54194500 17697380 
54193850 17698390 

54192580 17699890 
54184200 17705150 
54178700 17708750 


54178700 17708750
54174530 17707510 


54174530 17707510
54173500 17708860 
54163820 17715530 
54158880 17718680 
54154420 17721660 
54152130 17723870 
54149390 17727470 
54147840 17730240 

54145360 17734210 


54145360 17734210
54143520 17732630 
54140110 17729690 
54139350 17729220 
54137110 17728870 
54135390 17729250 
54133000 17731280 
54126420 17737690 

54124650 17739390 
54123700 17739860 


54123700 17739860
54123150 17750180 


54123150 17750180
54122827 17756210 


54122827 17756210
54122539 17761587 


54122539 17761587
54121410 17782640 


54121410 17782640
54121260 17785510 
54120620 17799890 
54120510 17801580 


54120510 17801580
54120260 17805550 


54120260 17805550
54119360 17826340 
54119220 17828310 


54119220 17828310
54117870 17856180 


54117870 17856180
54117810 17857520 
54117040 17872520 
54116800 17876740 


54116800 17876740
54116410 17887540 
54115990 17891390 
54115620 17893450 


54115620 17893450
54115360 17894910 
54114360 17899420 
54113510 17902140 
54113270 17902820 


54113270 17902820
54112740 17904290 
54111450 17906660 


54111450 17906660
54110940 17906430 
54108854 17905459 


54108854 17905459
54104559 17915025 
54104060 17917360 
54103902 17918939 


54103902 17918939
54104511 17922405 
54105291 17925302 


54105291 17925302
54104032 17927228 


54104032 17927228
54103220 17928040 
54102721 17928979 
54102310 17931330 
54102500 17939550 
54102710 17941510 


54102710 17941510
54103990 17942560 
54107950 17946510 


54107950 17946510
54108430 17947000 
54117850 17955870 
54121930 17959880 


54121930 17959880
54122470 17960420 
54128660 17966130 


54128660 17966130
54133540 17971430 
54136580 17975080 
54139090 17979260 


54139090 17979260
54139530 17980000 
54141150 17982500 
54141520 17983230 


54141520 17983230
54141820 17983830 
54142270 17985000 
54142150 17986890 
54141200 17988850 


54141200 17988850
54139450 17991720 
54138220 17994170 
54136920 17996630 
54135960 17998860 
54134940 18001370 
54134010 18005960 
54133280 18007750 

54131730 18010190 
54126400 18015340 
54122200 18019240 
54116760 18023990 
54116180 18024610 
54113500 18026880 
54111300 18028860 
54108030 18032390 

54105950 18034950 
54103230 18038710 
54101050 18041820 
54098440 18045870 
54098240 18046450 
54098450 18046940 


54098450 18046940
54094520 18051550 
54092310 18053700 
54092021 18053822 


54092021 18053822
54091410 18054080 
54090730 18054370 
54088510 18055050 
54086930 18056070 


54086930 18056070
54086680 18056230 
54086312 18056790 
54085772 18057750 
54085732 18058720 
54085698 18059612 


54085698 18059612
54087690 18061690 
54092520 18064550 
54095600 18066560 
54096291 18067476 
54096375 18067752 
54096580 18068420 
54097410 18072560 

54097475 18073517 
54097432 18074510 
54095520 18078010 
54092540 18083290 
54091675 18085066 


54091675 18085066
54090470 18086980 
54089880 18088760 
54089920 18092500 
54090120 18097680 
54089742 18100731 
54088222 18103911 
54085918 18106029 



54085918 18106029
54083151 18107201 


54083151 18107201
54079950 18107740 
54076172 18108090 


54076172 18108090
54075990 18108120 
54066590 18109290 
54063276 18109803 


54063276 18109803
54059669 18110794 


54059669 18110794
54058260 18110000 
54055600 18108680 
54053220 18108090 
54051160 18108120 
54050770 18108240 


54050770 18108240
54048410 18108980 
54045740 18110450 
54042390 18112440 
54040890 18113130 
54039220 18113710 
54036190 18114120 


54036190 18114120
54037390 18115830 
54037560 18117030 
54043560 18122280 


54043560 18122280
54041940 18123850 
54048860 18129810 
54050810 18129830 
54051380 18130440
